00100 8 4
00000 4 99999
00100 1 12309
68237 6 53128
33218 3 00000
99999 5 68237
12309 2 33218
53128 7 63597
63597 8 -1
ans
00000 4 33218
33218 3 12309
12309 2 00100
00100 1 63597
63597 8 53128
53128 7 68237
68237 6 99999
99999 5 -1

00100 7 10
00000 4 99999
00100 1 12309
68237 6 53128
33218 3 00000
99999 5 68237
12309 2 33218
53128 7 -1
ans
1~7正序




------课本--------
00000 6 3
00000 1 11111
11111 2 22222
22222 3 -1
33333 4 44444
44444 5 55555
55555 6 -1
ans
22222 3 11111
11111 2 00000
00000 1 -1

00100 6 2
00000 4 99999
00100 1 12309
68237 6 -1
33218 3 00000
99999 5 68237
12309 2 33218
ans
12309 2 00100
00100 1 00000
00000 4 33218
33218 3 68237
68237 6 99999
99999 5 -1