5 5 3
0 0 0 5 5
100 100 0 1 2
100 99 1 2 0
99  100 2 1 0
99 99 1 0 2
98 98 2 0 1
ans  null

11 6 3
2 1 2 2 2 3
100 100 0 1 2
60 60 2 3 5
100 90 0 3 4
90 100 1 2 0
90 90 5 1 3
80 90 1 0 2
80 80 0 1 2
80 80 0 1 2
80 70 1 3 2
70 80 1 2 3
100 100 0 2 4
ans
0 10
3
5 6 7
2 8

1 4



20 3 3 
4 9 1 
4 7 0 2 0 
0 6 0 2 2 
0 3 1 0 2 
3 2 0 0 2 
6 5 2 0 0 
6 0 2 0 0 
4 8 1 2 2 
6 2 2 0 1 
3 9 2 0 0 
0 1 2 0 1 
1 5 2 1 2 
5 7 0 2 1 
4 5 1 2 1 
7 0 1 2 2 
9 7 1 0 2 
3 4 0 1 0 
0 1 0 2 2 
1 2 0 0 0 
1 1 0 0 0 
6 7 2 0 0
ans
0 4 8 11
2 6 7 9 10 12 13 14 15
19

//！！！
5 5 3
1 1 2 1 1
100 100 0 1 2
99 100 3 1 1
99 100 2 4 4
99 100 3 0 3
98 98 4 0 1

5 5 3
1 1 2 1 1
100 100 0 1 2   1  0
99 100 3 1 1     2  3
99 100 2 4 4     2  2
99 100 3 0 3     2  3
98 98 4 0 1       3  1
